//#

MAX_INT = 2,147,483,647
MAX_LONG = 9,223,372,036,854,775,807

(The following list starts from 0)
      |
2^n   | 1 2 4 8 16 32 64 128 256 512 1024 2048 4096 8192 16384 32768 65536 
      | 131072 262144 524288 1048576 2097152 4194304 8388608 16777216 33554432 
      | 67108864 134217728 268435456 536870912 1073741824
      |
3^n   | 1 3 9 27 81 243 729 2187 6561 19683 59049 177147 531441 1594323 4782969
      | 14348907 43046721 129140163 387420489 1162261467 3486784401 10460353203
      | 31381059609 94143178827 282429536481 847288609443 2541865828329
      |
n!    | 1 1 2 6 24 120 720 5040 40320 362880 3628800 39916800 479001600 
      | 6227020800 87178291200 1307674368000 20922789888000 355687428096000 
      | 6402373705728000 121645100408832000 2432902008176640000
      |
n^n   | 1 1 4 27 256 3125 46656 823543 16777216 387420489 10000000000 
      | 285311670611 8916100448256 302875106592253 11112006825558016 
      | 437893890380859392 9223372036854775807 9223372036854775807
      |
       
       
----------  Primes under 1000 (20 per row)  ----------
  2   3   5   7  11  13  17  19  23  29  31  37  41  43  47  53  59  61  67  71 
 73  79  83  89  97 101 103 107 109 113 127 131 137 139 149 151 157 163 167 173 
179 181 191 193 197 199 211 223 227 229 233 239 241 251 257 263 269 271 277 281 
283 293 307 311 313 317 331 337 347 349 353 359 367 373 379 383 389 397 401 409 
419 421 431 433 439 443 449 457 461 463 467 479 487 491 499 503 509 521 523 541 
547 557 563 569 571 577 587 593 599 601 607 613 617 619 631 641 643 647 653 659 
661 673 677 683 691 701 709 719 727 733 739 743 751 757 761 769 773 787 797 809 
811 821 823 827 829 839 853 857 859 863 877 881 883 887 907 911 919 929 937 941 
947 953 967 971 977 983 991 997 


----------  10 digit primes  ----------
5915587277 1500450271 3267000013 5754853343 4093082899 9576890767 3628273133
2860486313 5463458053 3367900313 


----------  First 50 Fibonacci Numbers  ----------
1 1 2 3 5 8 13 21 34 55 89 144 233 377 610 987 1597 2584 4181 6765 10946 17711 
28657 46368 75025 121393 196418 317811 514229 832040 1346269 2178309 3524578 
5702887 9227465 14930352 24157817 39088169 63245986 102334155 165580141 
267914296 433494437 701408733 1134903170 1836311903 2971215073 4807526976 
7778742049 12586269025 


----------  First 1000 digits of pi  ----------
3.1415926535 8979323846 2643383279 5028841971 6939937510 5820974944 5923078164
  0628620899 8628034825 3421170679 8214808651 3282306647 0938446095 5058223172
  5359408128 4811174502 8410270193 8521105559 6446229489 5493038196 4428810975 
  6659334461 2847564823 3786783165 2712019091 4564856692 3460348610 4543266482 
  1339360726 0249141273 7245870066 0631558817 4881520920 9628292540 9171536436 
  7892590360 0113305305 4882046652 1384146951 9415116094 3305727036 5759591953 
  0921861173 8193261179 3105118548 0744623799 6274956735 1885752724 8912279381 
  8301194912 9833673362 4406566430 8602139494 6395224737 1907021798 6094370277 
  0539217176 2931767523 8467481846 7669405132 0005681271 4526356082 7785771342 
  7577896091 7363717872 1468440901 2249534301 4654958537 1050792279 6892589235 
  4201995611 2129021960 8640344181 5981362977 4771309960 5187072113 4999999837 
  2978049951 0597317328 1609631859 5024459455 3469083026 4252230825 3344685035 
  2619311881 7101000313 7838752886 5875332083 8142061717 7669147303 5982534904 
  2875546873 1159562863 8823537875 9375195778 1857780532 1712268066 1300192787 
  6611195909 2164201989
 